0
15949
15988
16990
17584
17762
17673
17629
17898
17776
18426
18994
19137
19089
19047
19054
19079
19001
18951
18987
19010
18978
19000
18985
18925
18996
19041
19026
19223
19052
19142
19311
18547
17360
16389
15994
17874
17948
17850
17815
17804
17984
17929
18937
19353
19256
19281
19460
19255
19283
19389
19204
19265
19255
19365
19462
19244
19315
19259
19345
19276
19378
19314
19131
19145
19287
19537
19688
19323
19447
19255
19405
19348
19261
19313
19306
19369
19251
19331
19394
19250
19272
19357
19337
19356
19395
19250
19284
19374
19353
19604
19313
19230
19346
19346
19430
19240
19340
19333
19361
19320
19334
19251
19306
19512
21442
21338
21347
21308
21425
21213
21390
21433
21456
21301
21308
21481
21444
20764
19312
19360
19415
19264
19303
19412
19216
19355
19326
19271
19283
19257
19333
19272
19277
19394
19484
19449
19242
19444
19409
18718
18486
18629
18464
18414
18397
18277
18480
18486
18597
18544
18574
18491
18552
18485
18665
18521
18640
18581
18405
18323
18472
18606
18517
18478
18499
18485
18457
18426
18493
18658
18560
18446
18449
18465
18416
18550
18568
18588
18558
18905
19344
19378
19414
19293
19276
19255
19428
19344
19226
19310
19303
19341
19416
19460
19389
19344
19300
19235
19323
19504
19404
19307
19249
19380
19395
19306
19378
19268
19346
19298
19442
19339
19393
19192
19536
18578
18394
18577
18485
18470
18422
18541
18559
18471
18547
18504
18490
18474
18604
18515
18639
18573
18320
18621
18371
18486
18415
18527
18557
18630
18493
18633
18499
18507
18037
21367
21300
21394
21361
21251
20582
19324
19325
19309
19249
19126
19347
19447
19259
19315
19234
19219
19482
19320
19257
19298
19264
19307
19200
19467
19332
19218
19213
19306
19143
19284
19315
19359
19327
19373
19308
19254
19284
19375
19249
19265
19357
19345
19341
19417
19368
19245
19432
19234
19310
19219
19285
19321
19286
19431
19166
19435
19284
19288
19316
19300
19343
19291
19267
19320
19373
19341
19412
19319
19208
19345
19190
19289
19290
19338
19325
19334
19294
19321
19315
19322
19288
19395
19414
19260
19315
19495
19225
19213
19311
19298
19387
19425
19334
19424
19352
19447
19430
19310
19205
19296
19328
19464
19404
19418
19319
19260
19484
19245
19303
19418
19316
19321
19400
19363
19420
19433
19331
19317
19376
19388
19234
19284
19445
19591
19285
19302
19329
19405
19092
19639
19232
19298
19420
19316
19175
19353
19350
19426
19112
19278
19337
19373
19205
19287
19455
19350
19334
19251
19428
19212
19210
19312
19217
19334
19429
19158
19151
19310
19399
19346
19400
19395
19321
19299
19466
20062
19126
18369
18383
18535
18373
19048
18900
18571
18433
18538
18452
18554
18441
18445
18461
18515
18428
18579
18553
18419
18442
18547
18499
18502
18270
18501
18414
18521
18666
18573
18522
18517
18497
18375
18548
18616
18707
18531
18447
18418
18560
18472
18669
18535
18499
18557
18613
18464
18490
18589
18480
18496
18495
18234
18449
18557
18515
18522
18528
18410
18595
18648
18526
18487
18507
18321
18405
18531
18514
18536
18449
18621
18517
18532
18371
18510
18603
18452
18461
18379
18544
18536
18489
18626
18480
18579
18548
18545
18515
18533
18472
18448
18522
18473
18458
18502
18300
18418
18510
18559
18492
18433
18567
18463
18612
18581
18562
18599
18623
18596
18474
18598
18521
